0.728217
4.7079
1.81621
18.4024
1.11168
2.26379
0.243366
0.565071
1.94568
0.80423
1.5089
6.27042
2.90701
6.86583
2.50752
0.546641
2.71228
2.00732
3.92072
0.199555
2.8549
5.45894
0.4223
0.802404
4.2544
6.37232
3.10111
4.32019
1.21281
0.822527
1.1564
2.12273
0.120518
3.8872
0.21896
4.18639
0.28246
3.70057
0.6362
5.63658
1.09838
3.17873
4.6172
6.08356
1.9857
1.30986
0.362342
1.30128
3.6817
0.157574
0.669773
1.53923
0.215359
1.45283
0.737741
0.235982
1.10901
4.80451
1.32008
3.54214
0.920931
1.86717
0.138891
5.23483
0.323989
0.102011
2.31088
0.7497
0.474034
2.01955
1.72192
2.24846
1.18067
0.677415
1.07549
5.43048
0.483253
1.13285
7.2959
1.82326
1.29973
1.84222
2.15818
2.43332
1.41279
3.51501
1.57794
3.09804
4.14425
1.11992
0.471628
7.03248
1.99428
3.38305
1.83438
0.711031
5.5694
0.522864
0.267993
2.09249
0.778752
1.31951
0.342956
4.10064
0.713863
2.89794
0.102117
2.13919
1.19405
3.47223
0.317238
2.19106
0.154355
3.69719
0.346466
7.09109
3.71423
5.55997
0.112454
4.17203
1.6717
1.49102
0.380048
0.700111
3.57672
1.40574
0.19595
0.49423
1.65298
0.466364
1.0986
0.56983
1.14456
6.60942
2.15997
2.67505
0.795804
0.342676
0.909831
0.1305
0.184017
2.3023
0.997686
1.06381
0.483436
1.70707
3.36436
0.129041
2.32311
1.1216
2.10022
1.26392
0.25109
1.90119
0.0448104
0.204018
2.55981
0.258155
0.780132
4.02196
0.937277
3.00717
1.95584
1.6275
1.34915
0.583305
3.09721
4.77533
1.75385
5.28608
1.48695
2.89998
3.24099
8.02648
2.45856
4.22561
12.6305
2.57308
2.56778
3.33542
2.88931
1.34763
0.99766
6.84323
0.824947
0.907849
3.37726
1.33609
0.173671
2.209
0.89406
0.55649
1.02138
2.2554
2.49804
0.241567
0.927763
0.697255
1.09844
3.95657
1.20111
10.2143
0.834132
0.104722
0.370761
2.22708
0.577634
0.103481
5.07742
3.32317
2.92886
4.80107
0.548651
1.53313
2.19969
0.957661
4.16143
1.84066
0.023627
1.51181
1.33151
3.05045
2.33481
4.30729
6.39989
1.70263
0.953433
0.656547
1.50928
1.85229
2.48086
3.89226
2.28195
0.46046
0.261059
0.838999
0.17655
2.87252
0.810578
10.1396
3.49447
2.69137
1.36398
3.14749
1.53686
2.38664
0.321637
1.6389
2.21444
3.30765
0.7199
2.17341
0.917738
4.65286
0.0479165
1.30429
0.183225
0.248709
0.508139
4.62625
5.17132
2.04374
1.30444
1.53144
4.09401
0.729826
5.7802
5.87171
0.0749274
3.6267
0.148752
3.87022
0.729185
2.40887
6.03059
3.29204
3.54691
0.707847
1.25074
4.40437
1.91785
7.0583
2.15766
7.37612
0.0712276
1.23624
5.05321
2.69365
1.02386
4.28238
3.07267
2.03719
0.188086
6.50312
1.4746
0.822414
1.3193
4.89891
0.0323197
1.26466
0.662291
0.610067
0.0797341
1.75409
0.569718
1.91204
2.00767
0.868524
0.104556
4.77896
1.25651
5.69753
1.43915
1.05633
0.377515
0.0521317
1.50773
1.7734
8.36062
0.856061
0.121033
1.66421
0.909067
5.52189
0.10014
1.32428
0.421618
1.76789
3.46881
6.97504
1.00412
5.74237
0.0925643
4.57855
1.45555
3.17554
6.2223
0.586187
0.409324
3.03176
5.21948
1.30102
0.722115
0.411722
6.04652
4.68225
6.00085
3.8033
3.17735
5.59869
2.18716
3.49088
0.113406
2.91613
1.11395
0.695279
1.90145
1.97154
0.0325363
0.801194
0.595652
2.81349
7.66894
0.0961674
1.15909
5.30431
1.84955
2.02081
2.2879
3.55435
2.37781
5.41259
0.741821
2.24713
1.15758
0.257935
1.83614
1.03191
1.57866
1.418
0.610491
3.77442
0.660205
4.15578
0.318171
2.39422
2.32564
5.37259
0.304266
0.803383
2.6743
2.90793
1.41883
2.4944
0.304949
1.77617
2.01453
0.316425
4.95617
3.49599
2.62212
1.12462
3.60927
2.8701
2.06852
0.764831
1.38919
2.28433
3.05578
7.09978
0.187238
3.71508
0.0686058
11.6556
1.14715
2.05484
4.07614
0.920836
0.285722
0.843212
0.318376
4.05037
1.20353
1.70167
5.47466
4.87813
2.70392
3.05699
0.668583
4.57055
2.18994
1.60967
1.98217
4.48976
0.908751
2.6327
0.00245749
6.66368
1.21776
2.40607
1.41002
0.612869
1.1295
0.589764
1.17252
1.20616
0.0110378
2.32943
2.66628
1.96764
0.0998373
1.2767
7.43659
2.58498
1.9039
6.58701
0.930175
4.17534
2.41604
3.87576
2.9611
1.72702
0.720449
1.35096
5.17122
4.61674
0.986956
3.31395
0.0734475
1.7948
1.0335
4.41593
1.74327
0.862043
0.367204
1.51226
1.37744
2.02944
1.84944
7.47692
2.65779
0.94381
4.02236
9.61435
0.0966092
1.36599
0.366762
2.02731
0.0434852
1.07198
4.56852
2.08872
2.96476
4.2011
2.18909
2.03107
1.86887
