68.4412
3.80279
5.81499
1.79849
4.19972
0.706306
1.66873
0.250616
0.223681
0.459574
2.68006
4.35451
2.36898
0.202977
1.2682
10.1006
1.33637
3.65259
1.63634
2.13256
3.79625
3.11554
0.222973
0.22287
2.03005
2.01688
5.41513
0.721619
2.23794
0.218574
6.1277
0.498862
6.81809
0.621332
4.18515
2.73313
4.71239
1.06873
2.68115
1.08613
2.57928
2.2164
0.628869
0.238819
1.46523
0.690784
0.609714
3.18973
2.49404
2.59059
11.1004
0.928681
0.133745
0.730266
1.22322
2.26501
3.39243
1.07471
2.76848
0.593871
1.00924
0.183853
1.40377
0.467309
0.689432
0.506405
3.06062
0.998521
1.37834
0.147692
2.60402
1.11477
0.51625
1.08323
0.980556
1.09215
0.294024
1.20719
0.779844
3.60308
3.47129
1.98528
0.272964
1.29677
2.10757
3.02431
0.408509
4.01839
0.850771
3.4786
2.0881
1.26431
7.51855
1.24721
2.86608
2.27198
4.89693
0.00113249
10.2848
4.76507
3.83938
1.0779
3.20205
1.84532
2.02944
0.873029
1.32647
1.45383
0.801421
0.470991
1.37284
1.21705
3.35138
2.15905
7.71882
2.89939
1.17658
0.252077
1.78797
0.355616
0.20299
0.497869
6.83894
2.14587
5.84072
3.62428
2.30511
1.05284
2.07165
1.09317
6.59914
0.60668
1.74049
0.220611
3.09573
2.72015
3.26616
0.745226
10.1239
0.703706
3.31543
1.08754
5.52255
2.05437
2.12238
0.618008
1.17545
0.665199
0.32153
1.38126
2.34532
0.286569
1.83335
2.24824
2.51986
0.120816
0.979049
1.96497
1.09008
0.650154
4.18307
0.434159
5.36049
3.7297
1.00627
1.37081
1.8239
0.399249
1.38943
3.55904
4.20176
3.20049
0.0487622
0.150401
3.30064
2.92444
0.307254
0.267925
0.642773
0.15424
3.0439
0.390342
1.55088
2.2174
1.83701
2.02993
4.58664
0.63426
1.66852
1.04153
1.05374
1.36929
7.0977
2.75231
3.64454
1.19682
2.00732
6.28344
2.39105
0.0155967
2.36318
0.515087
4.59633
2.23422
0.591334
1.80183
2.0776
0.640154
1.04848
1.94818
2.49161
0.513835
1.82888
0.67974
1.84115
4.48541
0.436037
0.942088
1.50842
3.94708
2.68868
0.364279
3.35036
0.433425
2.77573
4.77265
2.09464
2.97841
1.37641
1.01572
0.986579
2.18072
0.659816
0.807341
2.44905
3.77683
2.04885
0.125839
2.73416
0.888083
5.38497
0.866307
5.42033
0.45399
1.6581
2.06805
2.94963
0.121326
4.36517
2.15157
2.39603
0.866923
0.181529
2.21492
2.21121
2.15035
1.35452
0.895956
4.12436
0.0208167
0.89437
1.22087
0.170179
0.504878
4.19938
1.14161
0.390009
5.43132
1.14957
3.67274
5.47574
1.5142
5.78201
1.46605
3.37745
2.16147
5.66942
1.61738
2.7323
1.20995
2.93397
0.300997
3.74147
0.712807
1.21865
2.01352
0.361312
1.6005
4.31044
5.15554
0.538456
0.509201
0.382569
1.15503
1.93633
0.252584
2.905
1.97764
0.287853
0.0471304
4.97868
3.64253
1.35121
0.782545
7.11047
0.755731
0.749446
3.80199
1.75948
3.51873
1.43779
3.09175
1.6888
2.79335
0.933478
0.579334
2.89998
1.61525
1.48167
4.66916
2.74117
1.82245
3.35476
1.00783
2.70389
0.685971
0.433633
2.02005
4.4511
5.17047
1.85448
2.06589
1.99579
0.590334
4.78545
1.80022
7.87565
0.491421
1.66734
0.248433
0.536806
1.81921
1.81468
0.290021
3.84248
3.1453
1.16597
1.48754
4.98152
13.7156
1.69099
0.777403
2.58698
1.01733
1.98759
1.15819
5.68572
0.0303898
2.34882
1.63154
0.734573
6.88548
3.55063
2.383
1.56419
0.739002
0.825602
2.07798
1.99799
3.24403
3.51698
5.08401
0.311941
2.95316
1.86133
0.274115
1.28963
0.594568
6.30553
0.59309
0.206782
0.429955
11.1064
1.54154
3.54382
4.27211
0.528577
1.56635
1.42132
5.35902
1.09864
0.7843
2.1128
1.37335
1.56387
0.0122525
5.07091
0.800321
2.31583
2.52409
2.75741
1.03104
1.88321
2.4337
6.83777
0.421018
8.78455
0.597483
0.227879
0.696505
0.777902
0.29593
2.78584
1.51883
2.14581
0.309793
1.12221
3.63712
0.558486
2.17127
8.91935
0.396478
2.30697
1.01564
0.843224
1.20973
3.17756
0.0730415
4.35007
0.0435876
1.49434
4.71476
5.46808
1.01601
1.50492
0.322619
2.1366
2.1403
5.83971
0.0557134
1.63546
4.29095
5.51252
3.29955
4.87256
1.56102
1.72218
0.49051
0.958936
0.437341
4.90082
6.35913
1.61192
0.862162
5.02759
2.65734
3.17505
0.530807
0.38475
0.618294
0.0241556
1.19512
0.417065
1.45321
0.219787
2.01051
7.67915
0.185159
6.30781
2.10102
0.558814
7.91866
1.77887
0.474441
0.293807
4.18757
1.43783
1.58807
0.52507
2.31946
2.82469
0.603367
8.19343
2.64989
0.399594
1.09405
6.15456
2.21192
3.71297
0.891477
2.39384
1.31184
6.12314
3.5865
1.52928
7.28176
2.09447
0.807157
